
strategic_region={
	id=261
	name="STRATEGICREGION_261"
	provinces={
		5371 5396 5420 5444 5468 5494 5520 5569 5647 7907 8257 13343 14769 14889 14897 14901 14912 14915 14923 14931 14933 15341 15342 15343 15344 15345 15346 15347 15348 15349 15350 15351 15352 15353 15354 15355 15356 15357 15358 15359 15360 15361 15362 15363 15364 15365 15366 15367 15368 15369 15370 15371 15372 20194 20198 5672 5698 5724 5775 20193 5544 5594 20182 20185 20188 20189 20191 2741 2764 2932
	}
	naval_terrain=water_shallow_sea
	weather={
		
	}
}
