
strategic_region={
	id=326
	name="STRATEGICREGION_326"
	provinces={
		4317 4418 4635 4982 5023 5247 13221 19362 19366 19367 19371 19373 19377 19378 19381 19385 19389 19391 19392 19400 19405 19407 19411 19412 19413 19418 19420 19423 19426 19427 19431 19433 19434 19437 19438 19442 19443 19444 19445 19450 19451 19452 19454 19455 19456 19457 19458 19459 19460 19462 19464 19465 19466 19467 19468 19469 19470 19473 19476 19478 19479 19480 19481 19482 19484 19485 19486 19488 19489 19491 19492 19493 19494 19496 19497 19498 19499 19500 19502 19506 19510 19511 19513 19514 19516 19517 19520 19521 19522 19525 19526 19529 19533 19534 19539 19540 19541 19543 19564 20308 
	}
	weather={
		
	}
}
