
strategic_region={
	id=330
	name="STRATEGICREGION_330"
	provinces={
		1537 1667 1759 1773 1861 2114 2116 2130 2146 2155 2163 2205 2219 2221 4453 4478 4500 4658 4673 4763 4776 4791 4836 4864 5134 5161 5183 5211 5225 5526 7471 7496 7520 7533 7567 7755 7798 7811 7859 8186 8234 8249 8538 8812 10388 10427 10455 10553 10581 10622 10637 10682 10925 10927 10941 10977 10991 11019 12377 12406 12435 12532 12560 12576 12910 12918 12924 12932 12934 12968 13072 13169 13170 13171 16882 16885 16894 16897 16901 16905 16913 16928 16936 16947 16956 16967 16971 19549 19554 19559 19586 19591 19599 19613 19624 19633 19635 19638 19642 19643 19644 19646 19647 19648 19651 19653 19654 19666 19667 19671 19672 19674 19676 19678 19679 19681 19682 19684 19685 19686 19695 19696 19697 19704 19706 19709 19715 19717 19720 19721 19722 19723 19733 19735 19736 19738 19739 19743 19744 19749 19750 19751 19755 19756 19757 19758 19762 19764 19766 19767 19769 19770 19772 19773 19775 19776 19779 19781 19782 19784 19785 19786 19792 19793 19794 19795 19797 19802 19803 19805 19811 19815 19823 19828 19839 19840 19842 19852 19861 20153 20155 20164 20165 20166 
	}
	weather={
		
		}
	}
}
