
strategic_region={
	id=331
	name="STRATEGICREGION_331"
	provinces={
		7333 12428 12956 15335 16775 16794 16814 16831 16843 16850 16854 16861 19342 19343 19347 19354 19359 19361 19369 19370 19372 19374 19375 19379 19380 19382 19384 19386 19387 19390 19395 19396 19398 19399 19401 19402 19404 19408 19409 19410 19414 19415 19416 19419 19421 19422 19424 19425 19428 19429 19432 19435 19436 19439 19440 19441 19446 19447 19448 19449 19453 19461 19463 19471 19472 19474 19475 19477 19483 19487 19490 19495 19503 19504 19505 19507 19515 19518 19524 19527 19530 19531 19535 19536 19542 19544 19545 19551 19552 19555 19556 19557 19560 19561 19562 19566 19569 19571 19574 19577 19581 19587 19592 19594 19600 19601 19602 19604 19607 19611 19621 19627 19628 19631 19634 19655 19657 19658 19660 20299 
	}
	weather={
		
	}
}
