
strategic_region={
	id=339
	name="STRATEGICREGION_339"
	provinces={
		1435 1886 2108 2231 2243 2257 2409 2531 3227 3433 3624 3625 3818 4025 4248 4253 4479 4698 4699 5272 5273 5300 5325 5326 5348 5349 5397 5419 5445 5543 5568 5619 5670 5696 5827 5878 5902 5925 5974 6044 6251 6453 6641 6835 7038 8388 8414 8505 8553 8600 12957 13346 15140 15141 15142 15143 15144 15145 15163 15168 15173 15174 15176 15177 15179 15182 15188 15189 15193 15194 15198 15201 15203 15206 15209 15211 15217 15218 15220 15225 15231 15234 15237 15245 15248 15249 15254 15260 15266 15273 15278 15279 20315 
	}
	weather={
		
	}
}
