
strategic_region={
	id=82
	name="STRATEGICREGION_82"
	provinces={
		16364 20350 20351 20355 20357 20358 20366 20367 20369 20372 20375 20376 20380 20382 20383 20384 20393 20395 20396 20400 20402 20403 20406 20407 20408 20410 20413 20416 20417 20418 20419 20420 20421 20424 20426 20427 20428 20429 20430 20433 20434 20436 20437 20438 20440 20441 20443 20444 20445 20448 20449 20450 20451 20452 20453 20454 20456 20457 20458 20459 20460 20461 20464 20465 20467 20468 20469 20471 20474 20475 20476 20477 20479 20480 20481 20482 20483 20484 20485 20486 20487 20489 20490 20491 20492 20493 20494 20500 20501 20503 20504 20506 20510 20512 20522 20525 20526 20531 20534 20540 20542 20549 20551 20628 20631 20635 20649 
	}
	weather={
		
		
	}
}
