
strategic_region={
	id=95
	name="STRATEGICREGION_95"
	provinces={
		1515 4334 13355 16816 16817 16823 16828 16829 16832 16833 16834 16837 16838 16840 16842 16844 16845 16846 16847 16848 16849 16853 16855 16856 16857 16858 16859 16860 16862 16863 16864 16865 16866 16867 16869 16870 16871 16873 16874 16875 16876 16877 16878 16879 16880 16881 16883 16884 16886 16887 16888 16889 16890 16891 16892 16893 16895 16896 16898 16899 16900 16902 19572 19575 19576 19578 19579 19582 19584 19593 19595 19596 19603 19605 19608 19616 19618 19622 19629 19630 19639 
	}
	weather={
		
	}
}
